Protocol,Site,HandshakeTime,PageLoadTime,DOMLoadTime,No.Plaintexts,PlaintextsEncodedSize,PlaintextsSize,PlaintextsLoadTime,HTML,HTMLEncodedSize,HTMLSize,HTMLLoadTime,JS/CSS,JS/CSSEncodedSize,JS/CSSSize,JS/CSSLoadTime,Images/Others,Images/OthersEncodedSize,Images/OthersSize,Images/OthersLoadTime,Domains,EncodedDataSize,TotalDataSize
TBD,instagram,0.543334,1.556397,0.880982999999,0,0,0,0,2,16272,51437,0.643749999999,5,266790,953819,0.962630000002,17,418204,412672,1.68612399999,6,701266,1417928
TBD,ebay,0.686435000001,6.805257,6.052516,0,0,0,0,1,29156,164347,0.770547,6,147883,473620,6.150022,116,1381238,1321396,100.108379,14,1558277,1959363
TBD,qq,0.184617000001,9.86519,1.983555,0,0,0,0,26,187922,825508,25.991418,40,296364,967771,23.955228,174,1573348,1523063,370.655139,68,2057634,3316342
TBD,youtube,0.259770999999,1.832539,1.289917,0,0,0,0,4,72862,544741,1.595535,11,230890,895156,1.393613,44,534233,528874,7.365368,12,837985,1968771
TBD,weibo,0.487202,1.107136,1.107136,0,0,0,0,1,2227,5645,0.487075999999,1,10786,27230,0.118528999999,0,0,0,0,3,13013,32875
TBD,reddit,0.890852999999,2.311679,1.315551,0,0,0,0,4,27542,133220,1.021574,17,324265,1090091,1.725098,26,149117,145638,3.18291799999,16,500924,1368949
TBD,taobao,0.355638000001,32.856583,0.674231000001,0,0,0,0,5,69972,304686,3.872231,55,398482,1185661,6.622827,64,1805846,1784420,37.89449,25,2274300,3274767
TBD,facebook,0.701445000001,1.003421,0.931735,0,0,0,0,1,31050,111686,0.894501000001,19,241606,813771,0.451849999996,6,18871,17938,0.117700000001,5,291527,943395
TBD,sina,0.319554,30.176089,6.063845,7,2956,2849,14.308007,25,279790,1062234,15.401613,124,566614,1328789,56.121339,268,8320597,8235325,588.16508,77,9169957,10629197
TBD,google,0.596748999998,1.163509,0.683288,0,0,0,0,1,61101,190224,0.656825,4,267329,775984,0.417251999997,4,36643,36085,0.400583000001,7,365073,1002293
TBD,bing,0.084374,0.14097,0.138465,0,0,0,0,1,30376,84814,0.0885450000005,0,0,0,0,1,6900,6660,0.00560399999995,2,37276,91474
TBD,stackoverflow,1.017607,2.547977,1.359149,0,0,0,0,2,42345,247095,1.653711,9,188917,799770,0.938896999996,16,90704,114560,1.939694,13,321966,1161425
TBD,yandex,2.356995,13.839493,9.822691,0,0,0,0,1,52078,232028,4.136478,7,262800,910797,14.025254,14,11816,8520,20.00246,11,326694,1151345
TBD,wikipedia,0.537494,1.054703,1.04902,0,0,0,0,1,18091,74908,0.697008000001,2,8475,19068,0.323614000001,4,26891,24542,0.788764999998,2,53457,118518
TBD,vk,1.650333,10.466459,5.637223,0,0,0,0,4,33293,91313,3.713476,17,329310,1078096,19.984159,13,72405,67548,17.637415,11,435008,1236957
TBD,msn,0.31459,1.000565,0.607770999999,0,0,0,0,1,70782,333555,0.324047999999,4,305057,575716,0.653156000002,24,112589,97197,1.194354,10,488428,1006468
TBD,live,2.022484,2.563102,2.563102,0,0,0,0,1,4478,9935,2.022373,3,60650,213541,1.367274,0,0,0,0,5,65128,223476
TBD,pinterest,0.774464,1.905194,1.515823,0,0,0,0,2,49203,264645,1.083977,15,1322811,7655922,0.901303999995,6,197661,195593,0.518470000001,7,1569675,8116160
TBD,yahoo,0.818632,2.723217,2.014289,0,0,0,0,4,113488,482991,2.015315,10,502786,1816996,4.322432,24,337065,317764,12.406477,20,953339,2617751
TBD,twitter,0.718173000001,2.512754,1.780952,0,0,0,0,1,18962,79123,0.870944,6,607181,2670894,6.716534,2,216456,215367,2.480294,4,842599,2965384
TBD,amazon,0.429179000001,2.161892,0.891259,0,0,0,0,6,74127,244560,2.182566,17,303163,1068514,3.585357,39,3533032,3522064,7.902398,10,3910322,4835138
TBD,linkedin,0.870426000001,2.18984,1.288334,0,0,0,0,1,9501,41330,1.041664,8,156370,561776,0.787414,5,144910,143306,1.570616,9,310781,746412
Protocol,Site,HandshakeTime,PageLoadTime,DOMLoadTime,No.Plaintexts,PlaintextsEncodedSize,PlaintextsSize,PlaintextsLoadTime,HTML,HTMLEncodedSize,HTMLSize,HTMLLoadTime,JS/CSS,JS/CSSEncodedSize,JS/CSSSize,JS/CSSLoadTime,Images/Others,Images/OthersEncodedSize,Images/OthersSize,Images/OthersLoadTime,Domains,EncodedDataSize,TotalDataSize
TBD,bing,0.084374,0.14097,0.138465,0,0,0,0,1,30376,84814,0.0885450000005,0,0,0,0,1,6900,6660,0.00560399999995,2,37276,91474
TBD,qq,0.184617000001,9.86519,1.983555,0,0,0,0,26,187922,825508,25.991418,40,296364,967771,23.955228,174,1573348,1523063,370.655139,68,2057634,3316342
TBD,youtube,0.259770999999,1.832539,1.289917,0,0,0,0,4,72862,544741,1.595535,11,230890,895156,1.393613,44,534233,528874,7.365368,12,837985,1968771
TBD,ebay,0.686435000001,6.805257,6.052516,0,0,0,0,1,29156,164347,0.770547,6,147883,473620,6.150022,116,1381238,1321396,100.108379,14,1558277,1959363
TBD,linkedin,0.870426000001,2.18984,1.288334,0,0,0,0,1,9501,41330,1.041664,8,156370,561776,0.787414,5,144910,143306,1.570616,9,310781,746412
TBD,wikipedia,0.537494,1.054703,1.04902,0,0,0,0,1,18091,74908,0.697008000001,2,8475,19068,0.323614000001,4,26891,24542,0.788764999998,2,53457,118518
TBD,facebook,0.701445000001,1.003421,0.931735,0,0,0,0,1,31050,111686,0.894501000001,19,241606,813771,0.451849999996,6,18871,17938,0.117700000001,5,291527,943395
TBD,vk,1.650333,10.466459,5.637223,0,0,0,0,4,33293,91313,3.713476,17,329310,1078096,19.984159,13,72405,67548,17.637415,11,435008,1236957
TBD,yandex,2.356995,13.839493,9.822691,0,0,0,0,1,52078,232028,4.136478,7,262800,910797,14.025254,14,11816,8520,20.00246,11,326694,1151345
TBD,msn,0.31459,1.000565,0.607770999999,0,0,0,0,1,70782,333555,0.324047999999,4,305057,575716,0.653156000002,24,112589,97197,1.194354,10,488428,1006468
TBD,reddit,0.890852999999,2.311679,1.315551,0,0,0,0,4,27542,133220,1.021574,17,324265,1090091,1.725098,26,149117,145638,3.18291799999,16,500924,1368949
TBD,pinterest,0.774464,1.905194,1.515823,0,0,0,0,2,49203,264645,1.083977,15,1322811,7655922,0.901303999995,6,197661,195593,0.518470000001,7,1569675,8116160
TBD,instagram,0.543334,1.556397,0.880982999999,0,0,0,0,2,16272,51437,0.643749999999,5,266790,953819,0.962630000002,17,418204,412672,1.68612399999,6,701266,1417928
TBD,weibo,0.487202,1.107136,1.107136,0,0,0,0,1,2227,5645,0.487075999999,1,10786,27230,0.118528999999,0,0,0,0,3,13013,32875
TBD,amazon,0.429179000001,2.161892,0.891259,0,0,0,0,6,74127,244560,2.182566,17,303163,1068514,3.585357,39,3533032,3522064,7.902398,10,3910322,4835138
TBD,stackoverflow,1.017607,2.547977,1.359149,0,0,0,0,2,42345,247095,1.653711,9,188917,799770,0.938896999996,16,90704,114560,1.939694,13,321966,1161425
TBD,google,0.596748999998,1.163509,0.683288,0,0,0,0,1,61101,190224,0.656825,4,267329,775984,0.417251999997,4,36643,36085,0.400583000001,7,365073,1002293
TBD,taobao,0.355638000001,32.856583,0.674231000001,0,0,0,0,5,69972,304686,3.872231,55,398482,1185661,6.622827,64,1805846,1784420,37.89449,25,2274300,3274767
TBD,sina,0.319554,30.176089,6.063845,7,2956,2849,14.308007,25,279790,1062234,15.401613,124,566614,1328789,56.121339,268,8320597,8235325,588.16508,77,9169957,10629197
TBD,yahoo,0.818632,2.723217,2.014289,0,0,0,0,4,113488,482991,2.015315,10,502786,1816996,4.322432,24,337065,317764,12.406477,20,953339,2617751
TBD,twitter,0.718173000001,2.512754,1.780952,0,0,0,0,1,18962,79123,0.870944,6,607181,2670894,6.716534,2,216456,215367,2.480294,4,842599,2965384
TBD,live,2.022484,2.563102,2.563102,0,0,0,0,1,4478,9935,2.022373,3,60650,213541,1.367274,0,0,0,0,5,65128,223476
Protocol,Site,HandshakeTime,PageLoadTime,DOMLoadTime,No.Plaintexts,PlaintextsEncodedSize,PlaintextsSize,PlaintextsLoadTime,HTML,HTMLEncodedSize,HTMLSize,HTMLLoadTime,JS/CSS,JS/CSSEncodedSize,JS/CSSSize,JS/CSSLoadTime,Images/Others,Images/OthersEncodedSize,Images/OthersSize,Images/OthersLoadTime,Domains,EncodedDataSize,TotalDataSize
TBD,bing,0.084374,0.14097,0.138465,0,0,0,0,1,30376,84814,0.0885450000005,0,0,0,0,1,6900,6660,0.00560399999995,2,37276,91474
TBD,qq,0.184617000001,9.86519,1.983555,0,0,0,0,26,187922,825508,25.991418,40,296364,967771,23.955228,174,1573348,1523063,370.655139,68,2057634,3316342
TBD,youtube,0.259770999999,1.832539,1.289917,0,0,0,0,4,72862,544741,1.595535,11,230890,895156,1.393613,44,534233,528874,7.365368,12,837985,1968771
TBD,ebay,0.686435000001,6.805257,6.052516,0,0,0,0,1,29156,164347,0.770547,6,147883,473620,6.150022,116,1381238,1321396,100.108379,14,1558277,1959363
TBD,linkedin,0.870426000001,2.18984,1.288334,0,0,0,0,1,9501,41330,1.041664,8,156370,561776,0.787414,5,144910,143306,1.570616,9,310781,746412
TBD,wikipedia,0.537494,1.054703,1.04902,0,0,0,0,1,18091,74908,0.697008000001,2,8475,19068,0.323614000001,4,26891,24542,0.788764999998,2,53457,118518
TBD,facebook,0.701445000001,1.003421,0.931735,0,0,0,0,1,31050,111686,0.894501000001,19,241606,813771,0.451849999996,6,18871,17938,0.117700000001,5,291527,943395
TBD,vk,1.650333,10.466459,5.637223,0,0,0,0,4,33293,91313,3.713476,17,329310,1078096,19.984159,13,72405,67548,17.637415,11,435008,1236957
TBD,yandex,2.356995,13.839493,9.822691,0,0,0,0,1,52078,232028,4.136478,7,262800,910797,14.025254,14,11816,8520,20.00246,11,326694,1151345
TBD,msn,0.31459,1.000565,0.607770999999,0,0,0,0,1,70782,333555,0.324047999999,4,305057,575716,0.653156000002,24,112589,97197,1.194354,10,488428,1006468
TBD,reddit,0.890852999999,2.311679,1.315551,0,0,0,0,4,27542,133220,1.021574,17,324265,1090091,1.725098,26,149117,145638,3.18291799999,16,500924,1368949
TBD,pinterest,0.774464,1.905194,1.515823,0,0,0,0,2,49203,264645,1.083977,15,1322811,7655922,0.901303999995,6,197661,195593,0.518470000001,7,1569675,8116160
TBD,instagram,0.543334,1.556397,0.880982999999,0,0,0,0,2,16272,51437,0.643749999999,5,266790,953819,0.962630000002,17,418204,412672,1.68612399999,6,701266,1417928
TBD,weibo,0.487202,1.107136,1.107136,0,0,0,0,1,2227,5645,0.487075999999,1,10786,27230,0.118528999999,0,0,0,0,3,13013,32875
TBD,amazon,0.429179000001,2.161892,0.891259,0,0,0,0,6,74127,244560,2.182566,17,303163,1068514,3.585357,39,3533032,3522064,7.902398,10,3910322,4835138
TBD,stackoverflow,1.017607,2.547977,1.359149,0,0,0,0,2,42345,247095,1.653711,9,188917,799770,0.938896999996,16,90704,114560,1.939694,13,321966,1161425
TBD,google,0.596748999998,1.163509,0.683288,0,0,0,0,1,61101,190224,0.656825,4,267329,775984,0.417251999997,4,36643,36085,0.400583000001,7,365073,1002293
TBD,taobao,0.355638000001,32.856583,0.674231000001,0,0,0,0,5,69972,304686,3.872231,55,398482,1185661,6.622827,64,1805846,1784420,37.89449,25,2274300,3274767
TBD,sina,0.319554,30.176089,6.063845,7,2956,2849,14.308007,25,279790,1062234,15.401613,124,566614,1328789,56.121339,268,8320597,8235325,588.16508,77,9169957,10629197
TBD,yahoo,0.818632,2.723217,2.014289,0,0,0,0,4,113488,482991,2.015315,10,502786,1816996,4.322432,24,337065,317764,12.406477,20,953339,2617751
TBD,twitter,0.718173000001,2.512754,1.780952,0,0,0,0,1,18962,79123,0.870944,6,607181,2670894,6.716534,2,216456,215367,2.480294,4,842599,2965384
TBD,live,2.022484,2.563102,2.563102,0,0,0,0,1,4478,9935,2.022373,3,60650,213541,1.367274,0,0,0,0,5,65128,223476
Protocol,Site,HandshakeTime,PageLoadTime,DOMLoadTime,No.Plaintexts,PlaintextsEncodedSize,PlaintextsSize,PlaintextsLoadTime,HTML,HTMLEncodedSize,HTMLSize,HTMLLoadTime,JS/CSS,JS/CSSEncodedSize,JS/CSSSize,JS/CSSLoadTime,Images/Others,Images/OthersEncodedSize,Images/OthersSize,Images/OthersLoadTime,Domains,EncodedDataSize,TotalDataSize
TBD,bing,0.084374,0.14097,0.138465,0,0,0,0,1,30376,84814,0.0885450000005,0,0,0,0,1,6900,6660,0.00560399999995,2,37276,91474
TBD,qq,0.184617000001,9.86519,1.983555,0,0,0,0,26,187922,825508,25.991418,40,296364,967771,23.955228,174,1573348,1523063,370.655139,68,2057634,3316342
TBD,youtube,0.259770999999,1.832539,1.289917,0,0,0,0,4,72862,544741,1.595535,11,230890,895156,1.393613,44,534233,528874,7.365368,12,837985,1968771
TBD,ebay,0.686435000001,6.805257,6.052516,0,0,0,0,1,29156,164347,0.770547,6,147883,473620,6.150022,116,1381238,1321396,100.108379,14,1558277,1959363
TBD,linkedin,0.870426000001,2.18984,1.288334,0,0,0,0,1,9501,41330,1.041664,8,156370,561776,0.787414,5,144910,143306,1.570616,9,310781,746412
TBD,wikipedia,0.537494,1.054703,1.04902,0,0,0,0,1,18091,74908,0.697008000001,2,8475,19068,0.323614000001,4,26891,24542,0.788764999998,2,53457,118518
TBD,facebook,0.701445000001,1.003421,0.931735,0,0,0,0,1,31050,111686,0.894501000001,19,241606,813771,0.451849999996,6,18871,17938,0.117700000001,5,291527,943395
TBD,vk,1.650333,10.466459,5.637223,0,0,0,0,4,33293,91313,3.713476,17,329310,1078096,19.984159,13,72405,67548,17.637415,11,435008,1236957
TBD,yandex,2.356995,13.839493,9.822691,0,0,0,0,1,52078,232028,4.136478,7,262800,910797,14.025254,14,11816,8520,20.00246,11,326694,1151345
TBD,msn,0.31459,1.000565,0.607770999999,0,0,0,0,1,70782,333555,0.324047999999,4,305057,575716,0.653156000002,24,112589,97197,1.194354,10,488428,1006468
TBD,reddit,0.890852999999,2.311679,1.315551,0,0,0,0,4,27542,133220,1.021574,17,324265,1090091,1.725098,26,149117,145638,3.18291799999,16,500924,1368949
TBD,pinterest,0.774464,1.905194,1.515823,0,0,0,0,2,49203,264645,1.083977,15,1322811,7655922,0.901303999995,6,197661,195593,0.518470000001,7,1569675,8116160
TBD,instagram,0.543334,1.556397,0.880982999999,0,0,0,0,2,16272,51437,0.643749999999,5,266790,953819,0.962630000002,17,418204,412672,1.68612399999,6,701266,1417928
TBD,weibo,0.487202,1.107136,1.107136,0,0,0,0,1,2227,5645,0.487075999999,1,10786,27230,0.118528999999,0,0,0,0,3,13013,32875
TBD,amazon,0.429179000001,2.161892,0.891259,0,0,0,0,6,74127,244560,2.182566,17,303163,1068514,3.585357,39,3533032,3522064,7.902398,10,3910322,4835138
TBD,stackoverflow,1.017607,2.547977,1.359149,0,0,0,0,2,42345,247095,1.653711,9,188917,799770,0.938896999996,16,90704,114560,1.939694,13,321966,1161425
TBD,google,0.596748999998,1.163509,0.683288,0,0,0,0,1,61101,190224,0.656825,4,267329,775984,0.417251999997,4,36643,36085,0.400583000001,7,365073,1002293
TBD,taobao,0.355638000001,32.856583,0.674231000001,0,0,0,0,5,69972,304686,3.872231,55,398482,1185661,6.622827,64,1805846,1784420,37.89449,25,2274300,3274767
TBD,sina,0.319554,30.176089,6.063845,7,2956,2849,14.308007,25,279790,1062234,15.401613,124,566614,1328789,56.121339,268,8320597,8235325,588.16508,77,9169957,10629197
TBD,yahoo,0.818632,2.723217,2.014289,0,0,0,0,4,113488,482991,2.015315,10,502786,1816996,4.322432,24,337065,317764,12.406477,20,953339,2617751
TBD,twitter,0.718173000001,2.512754,1.780952,0,0,0,0,1,18962,79123,0.870944,6,607181,2670894,6.716534,2,216456,215367,2.480294,4,842599,2965384
TBD,live,2.022484,2.563102,2.563102,0,0,0,0,1,4478,9935,2.022373,3,60650,213541,1.367274,0,0,0,0,5,65128,223476
Protocol,Site,HandshakeTime,PageLoadTime,DOMLoadTime,No.Plaintexts,PlaintextsEncodedSize,PlaintextsSize,PlaintextsLoadTime,HTML,HTMLEncodedSize,HTMLSize,HTMLLoadTime,JS/CSS,JS/CSSEncodedSize,JS/CSSSize,JS/CSSLoadTime,Images/Others,Images/OthersEncodedSize,Images/OthersSize,Images/OthersLoadTime,Domains,EncodedDataSize,TotalDataSize
TBD,youtube,0.354521,1.281587,0.770065,1,1626,3461,0.156492,1,6152,15953,0.354487,6,184009,556274,1.12117,4,44492,43553,0.85309,8,236279,619241
TBD,wikipedia,1.29361,2.425627,1.639397,0,0,0,0,1,6954,17129,1.29367,5,166589,589362,1.228953,3,13963,11965,1.749879,4,187506,618456
TBD,chinadaily,0.3108,3.890696,1.958748,1,456,58,2.420216,44,47848,88339,23.327647,15,115885,230768,4.142313,95,2188035,2233216,182.911163,14,2352224,2552381
TBD,reddit,1.699444,4.040428,2.691376,0,0,0,0,6,32410,142151,2.251811,17,311191,1016291,3.145794,30,171897,162455,9.5586,16,515498,1320897
TBD,apple,0.0452339999999,1.537117,0.856223,0,0,0,0,1,5455,28787,0.0455999999999,10,272891,1288612,0.951835,30,690660,691330,4.084677,4,969006,2008729
TBD,imgur,0.299453,2.145703,1.328648,0,0,0,0,2,22517,81874,0.611978,8,256698,832829,2.630182,13,132465,127051,3.487559,14,411680,1041754
TBD,amazon,0.597962,2.037799,1.067416,0,0,0,0,2,48450,130408,1.063745,10,152477,535563,0.963812,24,218310,207930,3.900535,9,419237,873901
TBD,google,0.601088,1.227216,0.727452,0,0,0,0,1,29433,90003,0.625365,3,153758,448130,0.575043,4,13580,13161,0.387697,5,196771,551294
TBD,imdb,0.82856,5.139068,1.52046,0,0,0,0,7,32450,113524,3.500756,15,514694,1737926,3.63832,77,814712,800783,40.5446,28,1361856,2652233
TBD,yahoo,0.813682,2.615196,2.129726,0,0,0,0,3,65075,267004,1.295388,14,494736,1893132,0.954325,14,166857,156587,1.41994,14,726668,2316723
TBD,twitter,1.071103,2.842399,1.862099,0,0,0,0,1,5695,30614,1.070868,3,16112,71802,1.958965,25,83996,69095,33.24099,5,105803,171511
